 60 28 28 36.57 41.21 41.42 219816 0.00 0.00 0.00     0 33.14 39.04 38.41 50047 33159 10.658
 60 28 28 36.57 41.21 41.42 219816 0.00 0.00 0.00     0 32.41 38.44 37.69 42795 29496 8.549
 60 28 28 36.57 41.21 41.42 219816 0.00 0.00 0.00     0 32.41 38.44 37.69 42795 29496 8.415
 60 28 28 36.57 41.21 41.42 219816 0.00 0.00 0.00     0 32.41 38.44 37.69 42795 29496 8.555
 60 28 28 36.57 41.21 41.42 219816 0.00 0.00 0.00     0 32.41 38.44 37.69 42795 29496 8.672
 60 28 28 36.88 41.87 42.26 267008 0.00 0.00 0.00     0 49.28 50.07 50.98 27147  3201 2.661
 60 28 28 36.88 41.87 42.26 267008 0.00 0.00 0.00     0 49.28 50.07 50.98 27147  3201 3.943
 60 28 28 36.88 41.87 42.26 267008 0.00 0.00 0.00     0 49.28 50.07 50.98 27147  3201 4.809
 60 28 28 36.88 41.87 42.26 267008 0.00 0.00 0.00     0 46.92 47.60 48.65 19801  3219 2.663
 60 28 28 36.88 41.87 42.26 267008 0.00 0.00 0.00     0 39.07 41.03 42.61 10588  2235 2.889
 60 28 28 36.88 41.87 42.26 267008 0.00 0.00 0.00     0 36.78 39.38 41.07  9044  2233 2.884
 60 28 28 36.88 41.87 42.26 267008 0.00 0.00 0.00     0 39.07 41.03 42.61 10588  2235 2.689
 60 28 28 36.57 41.21 41.42 219816 0.00 0.00 0.00     0 33.10 39.05 38.33 49028 32560 7.858
 60 28 28 36.57 41.21 41.42 219816 0.00 0.00 0.00     0 32.41 38.44 37.69 42795 29496 174.153
 60 28 28 36.57 41.21 41.42 219816 0.00 0.00 0.00     0 32.41 38.44 37.69 42795 29496 11.587
 60 28 28 36.57 41.21 41.42 219816 0.00 0.00 0.00     0 32.41 38.44 37.69 42795 29496 11.695
 60 28 28 36.57 41.21 41.42 219816 0.00 0.00 0.00     0 32.41 38.44 37.69 42795 29496 12.595
 60 28 28 36.48 41.21 41.42 281520 0.00 0.00 0.00     0 32.22 38.68 37.63 55196 37040 9.627
 60 28 28 36.48 41.21 41.42 281520 0.00 0.00 0.00     0 32.22 38.68 37.63 55196 37040 9.258
 60 28 28 36.91 41.87 42.26 305616 0.00 0.00 0.00     0 42.42 43.26 45.23 20219  4551 2.976
